0.20836235724539165
0.0360099993838503
0.17235235786154135
ATCTGTGTTTCCTCGCCAGG
CTCCTGCTGTCCTCTTCGAC
228
20
426
20
60.03600999938385
59.82764764213846
55.0
60.0
199
0.2814847006219452
0.10913234276040384
0.17235235786154135
GTTTCCTCGCCAGGCAATTG
CTCCTGCTGTCCTCTTCGAC
234
20
426
20
60.109132342760404
59.82764764213846
55.0
60.0
193
0.2890538610295721
0.0360099993838503
0.2530438616457218
ATCTGTGTTTCCTCGCCAGG
TAATCAAGCGCAAGAGCCCT
228
20
444
20
60.03600999938385
59.74695613835428
55.0
50.0
217
0.35293704979636686
0.035457550694331985
0.3174794991020349
CTACTGGATCAATCGGGCCC
ACTGAAGTCGGCGCTTTAGT
276
20
508
20
59.96454244930567
59.682520500897965
60.0
50.0
233
0.3534894984858852
0.0360099993838503
0.3174794991020349
ATCTGTGTTTCCTCGCCAGG
ACTGAAGTCGGCGCTTTAGT
228
20
508
20
60.03600999938385
59.682520500897965
55.0
50.0
281
